x r
1 0.8764
2 0.9166
3 0.9345
4 0.9780
5 0.9787
6 0.9988
7 1.0000
8 1.0162
9 1.0213
10 1.0220
11 1.0268
12 1.0616
13 1.0768
14 1.0874
15 1.1081
16 1.1092
17 1.1228
18 1.1286
19 1.1292
20 1.1389
21 1.1618
22 1.1632
23 1.1652
24 1.1758
25 1.1764
26 1.1775
27 1.1781
28 1.1885
29 1.1890
30 1.1933
31 1.2068
32 1.2212
33 1.2260
34 1.2436
35 1.2643
36 1.2813
37 1.2901
38 1.2936
39 1.3045
40 1.3240
41 1.3269
42 1.3341
43 1.3861
44 1.3918
45 1.4234
46 1.4349
47 1.4392
48 1.4506
49 1.4708
50 1.4936
51 1.5406
52 1.5717
53 1.6239
54 1.6579
55 1.6859
56 1.6862
57 1.7714
58 1.8564
59 1.9520
60 2.1319
