turn anchor shipped sticky sonnet
1 0.7198 0.3902 0.3806 0.3700
2 0.2543 0.2623 0.1895 0.1315
3 0.2567 0.2023 0.1659 0.1878
4 0.4659 0.3733 0.2823 0.2940
5 0.3614 0.2479 0.2216 0.1899
6 0.5387 0.3130 0.3132 0.3481
7 0.4470 0.2607 0.2530 0.2892
8 0.5198 0.3401 0.3235 0.3063
9 0.6788 0.4562 0.4119 0.4030
10 0.5344 0.3118 0.3844 0.3354
11 0.4128 0.3000 0.3346 0.3106
12 0.5481 0.3112 0.3202 0.3310
13 0.4075 0.4083 0.3038 0.3139
14 0.6489 0.5516 0.5606 0.4336
15 0.5167 0.3236 0.4584 0.2992
16 0.4937 0.2270 0.2080 0.2305
