turn input read write output n
1 0.0000 0.0533 0.2306 0.0291 140
2 0.0000 0.0256 0.0456 0.0140 140
3 0.0000 0.0409 0.0310 0.0284 140
4 0.0000 0.0497 0.0742 0.0380 140
5 0.0000 0.0437 0.0835 0.0267 140
6 0.0000 0.0625 0.1009 0.0461 140
7 0.0000 0.0558 0.0788 0.0370 140
8 0.0000 0.0570 0.0974 0.0416 140
9 0.0000 0.0645 0.1444 0.0428 96
10 0.0000 0.0607 0.1060 0.0382 88
11 0.0000 0.0706 0.0598 0.0388 78
12 0.0000 0.0614 0.1143 0.0354 74
13 0.0000 0.0781 0.0709 0.0389 36
14 0.0000 0.1088 0.0907 0.0723 32
15 0.0000 0.0984 0.0498 0.0447 26
16 0.0000 0.0542 0.1143 0.0199 22
