S c0 c1 c2 c3
10 32.086 22.848 9.318 8.840
15 25.510 18.296 7.545 7.162
20 21.747 15.663 6.502 6.173
25 19.244 13.899 5.796 5.504
30 17.429 12.615 5.278 5.012
35 16.038 11.627 4.877 4.632
40 14.929 10.837 4.555 4.327
45 14.018 10.187 4.289 4.074
50 13.253 9.639 4.065 3.861
55 12.599 9.171 3.872 3.678
60 12.031 8.764 3.704 3.519
65 11.533 8.406 3.556 3.378
70 11.091 8.088 3.425 3.254
75 10.696 7.803 3.307 3.142
80 10.339 7.547 3.200 3.040
85 10.015 7.313 3.103 2.948
90 9.720 7.100 3.014 2.864
95 9.449 6.904 2.933 2.787
100 9.199 6.724 2.857 2.715
