x r
1 0.3702
2 0.3726
3 0.3885
4 0.4063
5 0.4086
6 0.4117
7 0.4135
8 0.4232
9 0.4259
10 0.4383
11 0.4584
12 0.4653
13 0.4724
14 0.4794
15 0.4795
16 0.4809
17 0.4905
18 0.4924
19 0.4939
20 0.4965
21 0.4993
22 0.5031
23 0.5052
24 0.5059
25 0.5079
26 0.5100
27 0.5118
28 0.5138
29 0.5140
30 0.5220
31 0.5281
32 0.5349
33 0.5636
34 0.5720
35 0.5803
36 0.6054
37 0.6124
38 0.6243
39 0.6302
40 0.6332
41 0.6457
42 0.6736
43 0.7157
44 0.7238
45 0.7395
46 0.7622
47 0.7639
48 0.8237
49 0.8454
50 0.8479
51 0.8638
52 0.8729
53 0.8912
54 0.8946
55 0.8984
56 0.9083
57 0.9540
58 0.9768
59 1.0232
