turn input read write output n
1 0.0001 0.0830 0.5843 0.0982 140
2 0.0001 0.0361 0.1209 0.0418 140
3 0.0001 0.0705 0.0894 0.0967 140
4 0.0001 0.0983 0.1947 0.1292 140
5 0.0001 0.0652 0.2087 0.0812 140
6 0.0001 0.1060 0.2705 0.1548 140
7 0.0001 0.1061 0.2075 0.1218 140
8 0.0001 0.1060 0.2768 0.1287 140
9 0.0001 0.1209 0.3958 0.1357 96
10 0.0001 0.0979 0.3054 0.1191 88
11 0.0001 0.1270 0.1555 0.1201 78
12 0.0001 0.1068 0.3264 0.1020 74
13 0.0001 0.1172 0.1701 0.1153 36
14 0.0001 0.1779 0.2436 0.2003 32
15 0.0001 0.1618 0.2269 0.1237 26
16 0.0001 0.0771 0.3335 0.0554 22
