h sessions spend
0.163 1 3.19
0.173 2 7.70
0.190 3 11.45
0.215 4 15.01
0.225 5 20.58
0.227 6 25.69
0.230 7 30.27
0.258 8 35.09
0.625 9 37.17
0.639 10 39.81
0.647 11 42.82
0.680 12 46.70
0.690 13 50.72
0.696 14 54.99
0.776 15 63.73
0.904 16 70.61
0.972 17 78.32
1.012 18 90.56
1.045 19 99.36
1.109 20 100.67
1.119 21 102.79
1.127 22 105.22
1.176 23 108.64
1.276 24 111.44
1.290 25 114.54
1.293 26 117.05
1.361 27 120.98
1.392 28 125.68
1.781 29 129.06
1.782 30 132.44
1.783 31 135.95
1.788 32 139.26
1.824 33 143.85
1.829 34 148.04
1.883 35 158.63
3.599 36 162.68
3.763 37 165.53
3.785 38 168.63
3.911 39 170.84
3.950 40 175.52
3.966 41 180.23
4.091 42 183.65
4.106 43 187.21
4.141 44 191.01
4.186 45 195.50
4.277 46 197.10
4.283 47 198.96
4.339 48 201.74
4.345 49 205.23
4.349 50 208.73
4.399 51 214.74
4.480 52 219.69
4.482 53 228.10
4.484 54 233.60
4.587 55 244.18
4.941 56 246.63
4.946 57 249.07
4.947 58 251.80
4.949 59 254.63
4.973 60 258.28
9.429 61 261.80
9.442 62 265.92
9.456 63 270.38
9.476 64 275.29
9.509 65 277.95
9.510 66 281.72
9.552 67 286.60
9.834 68 290.02
9.835 69 292.99
9.862 70 294.17
9.864 71 295.55
9.870 72 297.11
9.875 73 298.73
9.896 74 300.77
9.923 75 308.04
10.003 76 311.50
10.003 77 314.60
10.012 78 318.22
10.039 79 322.32
10.169 80 324.57
10.173 81 327.31
10.219 82 331.97
10.324 83 333.87
10.326 84 335.60
10.326 85 337.21
10.328 86 339.47
10.331 87 341.94
10.706 88 344.04
10.712 89 347.11
10.737 90 354.27
10.738 91 358.94
10.754 92 363.78
10.759 93 368.91
10.767 94 374.81
10.884 95 378.45
10.903 96 381.97
10.917 97 386.80
10.942 98 392.87
11.077 99 394.06
11.077 100 395.70
11.080 101 396.91
11.080 102 398.70
11.090 103 400.46
11.238 104 405.51
11.261 105 410.87
11.267 106 416.57
11.291 107 421.27
11.470 108 429.16
11.798 109 431.31
11.803 110 433.59
11.838 111 438.08
11.848 112 440.69
11.864 113 444.65
11.889 114 448.53
11.921 115 452.82
11.964 116 454.99
11.986 117 458.08
11.986 118 461.28
12.011 119 464.34
12.131 120 466.81
12.139 121 469.09
12.155 122 473.12
12.217 123 474.43
12.217 124 475.70
12.259 125 478.73
12.327 126 479.99
12.328 127 481.23
12.333 128 482.67
12.338 129 484.18
12.440 130 486.13
12.441 131 488.17
12.498 132 492.06
12.567 133 498.27
12.587 134 506.04
12.598 135 508.59
12.606 136 510.72
12.627 137 524.34
12.678 138 529.25
12.952 139 531.17
12.957 140 533.69
12.992 141 538.61
12.996 142 540.56
12.996 143 542.54
13.003 144 544.70
13.012 145 546.79
13.131 146 549.07
13.139 147 551.94
13.141 148 554.26
13.158 149 565.69
13.167 150 571.98
13.177 151 575.34
13.249 152 585.45
13.250 153 596.24
13.507 154 598.37
13.522 155 602.38
13.591 156 605.15
13.592 157 607.71
13.613 158 614.09
13.614 159 618.61
13.715 160 621.29
13.724 161 624.53
13.797 162 628.78
13.894 163 631.28
13.911 164 635.23
13.949 165 640.59
13.961 166 642.47
13.966 167 644.28
13.976 168 647.29
14.003 169 650.94
14.205 170 656.01
14.218 171 661.54
14.254 172 666.41
14.261 173 668.04
14.296 174 671.01
14.334 175 674.66
14.387 176 684.21
14.446 177 686.84
14.453 178 689.92
14.458 179 693.37
14.515 180 697.97
14.583 181 701.75
14.587 182 707.03
14.634 183 715.75
14.732 184 718.98
14.733 185 721.05
14.770 186 725.87
14.844 187 727.88
14.846 188 729.83
14.848 189 732.43
14.868 190 735.54
15.072 191 736.72
15.076 192 738.06
15.079 193 739.41
15.085 194 740.97
15.191 195 742.53
15.193 196 743.60
15.200 197 744.86
15.210 198 747.15
15.214 199 753.34
15.222 200 756.90
15.257 201 760.24
15.263 202 766.61
15.313 203 767.80
15.316 204 769.03
15.347 205 772.11
15.497 206 779.88
15.541 207 786.37
15.550 208 794.55
15.635 209 797.59
15.636 210 800.74
15.658 211 804.79
15.680 212 809.23
15.851 213 810.75
15.856 214 812.51
15.883 215 815.68
16.014 216 817.67
16.018 217 819.78
16.023 218 822.10
16.029 219 824.43
16.041 220 832.22
16.055 221 838.29
16.057 222 844.72
16.085 223 852.70
16.168 224 855.99
16.176 225 858.84
16.202 226 862.10
16.298 227 863.78
16.300 228 865.75
16.307 229 867.90
16.323 230 870.35
16.443 231 873.33
16.448 232 876.02
16.449 233 879.20
16.485 234 883.65
16.487 235 887.74
16.534 236 894.52
16.633 237 903.85
16.752 238 905.13
16.767 239 907.00
16.770 240 908.93
16.798 241 911.63
16.844 242 914.44
16.847 243 916.91
16.855 244 919.20
16.870 245 921.60
16.908 246 924.34
16.938 247 929.08
16.998 248 935.55
17.074 249 941.57
17.097 250 949.45
17.117 251 951.74
17.122 252 957.47
17.135 253 960.42
17.182 254 965.71
17.208 255 967.62
17.214 256 969.91
17.214 257 971.90
17.228 258 974.19
17.577 259 977.47
17.579 260 981.11
17.584 261 984.75
17.587 262 987.93
17.594 263 992.36
17.620 264 997.14
17.640 265 1001.32
17.687 266 1005.62
17.949 267 1006.90
17.960 268 1008.60
17.965 269 1010.36
17.968 270 1012.62
17.988 271 1015.08
18.083 272 1018.00
18.084 273 1020.49
18.089 274 1023.17
18.095 275 1026.41
18.149 276 1032.16
18.415 277 1042.20
18.421 278 1046.98
18.427 279 1048.73
18.429 280 1050.91
18.543 281 1053.85
18.734 282 1055.47
18.745 283 1057.18
18.748 284 1058.86
18.759 285 1060.82
18.768 286 1063.47
18.778 287 1067.41
18.779 288 1069.98
18.830 289 1071.16
18.834 290 1072.53
18.834 291 1073.77
18.838 292 1075.15
19.077 293 1076.25
19.081 294 1077.33
19.082 295 1078.44
19.245 296 1079.60
19.338 297 1089.06
19.386 298 1106.90
19.394 299 1113.73
19.397 300 1125.04
19.421 301 1130.65
19.432 302 1136.45
19.558 303 1139.17
19.576 304 1142.33
19.587 305 1149.08
19.595 306 1153.38
19.620 307 1158.61
19.758 308 1161.12
19.769 309 1163.80
19.771 310 1166.97
19.782 311 1170.34
19.801 312 1174.05
19.808 313 1177.74
19.866 314 1184.44
19.895 315 1186.65
19.902 316 1188.78
19.929 317 1191.16
19.937 318 1194.08
19.938 319 1202.97
20.036 320 1204.46
20.038 321 1206.02
20.040 322 1207.56
20.041 323 1208.74
20.109 324 1210.78
20.112 325 1212.33
20.133 326 1215.43
20.247 327 1216.98
20.247 328 1218.49
20.259 329 1220.47
20.275 330 1222.40
20.281 331 1224.42
20.302 332 1227.27
20.304 333 1230.85
20.310 334 1235.22
20.455 335 1240.42
20.461 336 1245.49
20.485 337 1250.74
20.578 338 1253.31
20.582 339 1256.19
20.594 340 1258.72
20.603 341 1262.00
20.627 342 1263.88
20.630 343 1265.77
20.646 344 1269.40
20.735 345 1270.73
20.741 346 1272.67
20.742 347 1274.51
20.746 348 1276.27
20.865 349 1279.06
20.866 350 1281.95
20.907 351 1283.97
20.909 352 1285.53
20.915 353 1288.12
20.918 354 1294.85
20.919 355 1297.59
21.026 356 1300.18
21.044 357 1304.49
21.060 358 1308.14
21.060 359 1310.98
21.083 360 1314.46
21.103 361 1320.26
21.149 362 1321.72
21.151 363 1323.25
21.186 364 1326.86
21.206 365 1328.86
21.217 366 1331.63
21.256 367 1335.18
21.278 368 1337.10
21.278 369 1338.61
21.280 370 1340.31
21.288 371 1342.20
21.373 372 1344.94
21.380 373 1347.96
21.381 374 1351.13
21.408 375 1354.98
21.471 376 1359.55
21.485 377 1364.69
21.498 378 1366.57
21.501 379 1369.07
21.524 380 1373.07
21.542 381 1378.78
21.542 382 1385.30
21.548 383 1389.65
21.656 384 1392.95
21.658 385 1395.82
21.661 386 1399.07
21.681 387 1403.16
21.995 388 1404.96
21.997 389 1406.49
22.005 390 1408.70
22.006 391 1412.70
22.012 392 1414.90
22.012 393 1417.25
22.018 394 1420.04
22.037 395 1426.75
22.296 396 1427.89
22.302 397 1429.41
22.304 398 1431.14
22.306 399 1432.50
22.309 400 1433.94
22.402 401 1437.71
22.413 402 1441.50
22.473 403 1448.18
22.617 404 1449.96
22.621 405 1451.81
22.651 406 1455.35
22.711 407 1461.34
22.722 408 1466.69
22.745 409 1473.20
22.754 410 1475.57
22.757 411 1478.45
22.761 412 1481.40
22.779 413 1487.82
22.791 414 1491.98
22.935 415 1495.49
22.949 416 1499.27
22.957 417 1504.37
22.964 418 1511.51
22.964 419 1516.62
23.005 420 1518.09
23.014 421 1519.84
23.017 422 1521.61
23.018 423 1523.51
23.018 424 1529.86
23.021 425 1531.60
23.026 426 1533.28
23.028 427 1535.20
23.029 428 1537.11
23.043 429 1539.53
23.057 430 1541.90
23.063 431 1545.03
23.068 432 1548.54
23.085 433 1553.53
23.087 434 1559.84
23.126 435 1562.10
23.134 436 1571.44
23.143 437 1574.28
23.167 438 1579.57
23.179 439 1581.14
23.180 440 1583.09
23.181 441 1584.48
23.184 442 1586.23
23.198 443 1590.22
23.199 444 1594.10
23.202 445 1597.24
23.208 446 1600.64
23.219 447 1603.18
23.241 448 1613.38
23.246 449 1618.77
23.264 450 1619.79
23.264 451 1620.79
23.267 452 1621.95
23.268 453 1623.04
23.274 454 1624.22
23.291 455 1626.03
23.293 456 1627.40
23.297 457 1628.87
23.297 458 1630.18
23.311 459 1632.70
23.312 460 1635.04
23.315 461 1636.84
23.319 462 1638.61
23.330 463 1640.01
23.332 464 1641.38
23.334 465 1642.61
23.335 466 1643.88
23.337 467 1645.36
23.399 468 1648.13
23.402 469 1651.62
23.406 470 1652.75
23.409 471 1656.19
23.409 472 1660.76
23.419 473 1661.86
23.426 474 1665.98
23.427 475 1668.66
23.432 476 1671.32
23.433 477 1674.41
23.435 478 1680.33
23.436 479 1682.62
23.444 480 1685.80
23.446 481 1688.75
23.462 482 1692.77
23.462 483 1699.01
23.469 484 1702.74
23.471 485 1705.59
23.477 486 1708.49
23.482 487 1711.87
23.484 488 1716.18
23.497 489 1721.27
23.555 490 1726.38
23.561 491 1727.94
23.562 492 1729.30
23.578 493 1731.79
23.583 494 1733.92
23.584 495 1736.13
23.589 496 1738.54
23.611 497 1741.72
23.618 498 1745.48
23.620 499 1748.76
23.627 500 1752.67
23.649 501 1756.59
23.670 502 1759.42
23.682 503 1762.86
23.700 504 1766.75
23.710 505 1768.56
23.710 506 1773.96
23.745 507 1776.22
23.747 508 1783.41
23.750 509 1786.55
23.752 510 1787.37
23.752 511 1788.21
23.753 512 1789.10
23.754 513 1797.31
23.755 514 1798.15
23.756 515 1801.40
23.757 516 1803.99
23.757 517 1806.95
23.768 518 1810.06
23.791 519 1813.78
23.800 520 1816.05
23.823 521 1817.56
23.823 522 1821.26
23.824 523 1822.79
23.830 524 1824.48
23.845 525 1826.67
23.849 526 1828.02
23.851 527 1829.41
23.892 528 1832.79
23.895 529 1838.68
23.901 530 1842.33
23.960 531 1845.53
23.962 532 1848.74
23.968 533 1852.42
23.975 534 1855.85
23.993 535 1859.99
24.025 536 1863.26
24.043 537 1867.48
24.053 538 1870.81
24.074 539 1874.03
24.075 540 1879.63
24.082 541 1884.61
24.089 542 1890.46
24.095 543 1892.51
24.097 544 1894.51
24.100 545 1899.73
24.106 546 1901.95
24.113 547 1904.21
24.124 548 1906.17
24.126 549 1907.96
24.129 550 1910.50
24.135 551 1913.68
24.138 552 1916.07
24.155 553 1918.65
24.168 554 1923.46
24.205 555 1925.12
24.212 556 1926.88
24.217 557 1929.16
24.225 558 1931.67
24.229 559 1934.35
24.241 560 1937.75
24.302 561 1938.97
24.303 562 1940.08
24.303 563 1941.19
24.307 564 1942.37
24.310 565 1945.25
24.313 566 1949.60
24.319 567 1952.82
24.326 568 1960.27
24.328 569 1964.85
24.331 570 1966.58
24.339 571 1971.70
24.348 572 1974.16
24.365 573 1975.35
24.368 574 1976.67
24.382 575 1979.82
24.386 576 1983.04
24.402 577 1986.36
24.404 578 1989.58
24.502 579 1991.54
24.509 580 1993.60
24.519 581 1997.40
24.524 582 1998.78
24.526 583 2000.20
24.528 584 2001.67
24.529 585 2003.19
24.535 586 2007.58
24.553 587 2011.61
24.555 588 2015.47
24.576 589 2020.72
24.596 590 2025.96
24.616 591 2032.38
24.622 592 2033.55
24.633 593 2035.30
24.634 594 2036.63
24.638 595 2038.47
24.656 596 2040.90
24.766 597 2044.23
24.778 598 2047.17
24.782 599 2050.26
24.788 600 2053.57
24.792 601 2056.34
24.816 602 2059.85
24.838 603 2066.33
26.159 604 2067.15
26.163 605 2068.04
26.164 606 2068.96
26.168 607 2069.81
26.170 608 2070.67
26.173 609 2071.57
26.180 610 2073.80
26.196 611 2075.71
26.201 612 2078.12
26.203 613 2079.45
26.205 614 2080.93
26.209 615 2084.97
26.212 616 2087.67
26.213 617 2089.80
26.218 618 2092.69
26.218 619 2095.40
26.228 620 2098.35
26.238 621 2102.35
26.239 622 2105.23
26.242 623 2110.97
26.249 624 2114.46
26.257 625 2116.08
26.259 626 2118.13
26.261 627 2121.37
26.264 628 2123.23
26.283 629 2125.74
26.331 630 2129.99
26.335 631 2131.36
26.344 632 2133.37
26.344 633 2135.23
26.348 634 2140.03
26.367 635 2142.63
26.391 636 2146.27
26.393 637 2150.08
26.463 638 2159.76
26.474 639 2161.77
26.475 640 2163.80
26.477 641 2171.71
26.481 642 2173.80
26.489 643 2176.00
26.530 644 2181.12
26.550 645 2187.26
26.553 646 2188.51
26.554 647 2189.76
26.555 648 2195.00
26.566 649 2201.43
26.569 650 2207.67
26.582 651 2210.53
26.584 652 2211.81
26.585 653 2213.11
26.587 654 2214.64
26.588 655 2216.15
26.596 656 2217.93
26.602 657 2220.08
26.604 658 2227.34
26.609 659 2230.03
26.616 660 2232.20
26.621 661 2234.59
26.635 662 2237.84
26.680 663 2239.50
26.708 664 2240.71
26.709 665 2241.98
26.729 666 2245.61
26.731 667 2248.61
26.733 668 2251.86
26.742 669 2254.85
26.745 670 2257.93
26.759 671 2262.04
26.760 672 2265.40
26.763 673 2278.18
26.772 674 2282.89
26.797 675 2286.95
26.809 676 2292.01
26.822 677 2299.32
26.823 678 2301.70
26.829 679 2304.49
26.848 680 2312.39
26.850 681 2313.81
26.854 682 2315.40
26.859 683 2316.85
26.864 684 2318.54
26.879 685 2323.48
26.926 686 2324.51
26.928 687 2325.68
26.939 688 2328.08
27.019 689 2329.64
27.021 690 2331.65
27.027 691 2333.77
27.048 692 2335.53
27.058 693 2338.48
27.062 694 2340.60
27.081 695 2341.94
27.082 696 2343.48
27.082 697 2344.61
27.084 698 2345.78
27.087 699 2347.87
27.087 700 2349.14
27.133 701 2352.22
27.136 702 2354.05
27.137 703 2356.11
27.141 704 2358.13
27.150 705 2360.20
27.166 706 2361.10
27.167 707 2362.08
27.186 708 2364.45
27.193 709 2365.87
27.197 710 2367.79
27.199 711 2370.02
27.222 712 2372.19
27.234 713 2374.23
27.240 714 2376.26
27.251 715 2379.00
27.252 716 2380.71
27.256 717 2382.07
27.259 718 2385.57
27.260 719 2387.35
27.278 720 2389.60
27.324 721 2390.72
27.325 722 2391.87
27.334 723 2394.26
27.357 724 2396.09
27.374 725 2398.88
27.381 726 2401.27
27.381 727 2403.22
27.382 728 2405.24
27.383 729 2408.43
27.387 730 2410.45
27.388 731 2412.62
27.392 732 2414.63
27.397 733 2418.36
27.417 734 2421.27
27.430 735 2424.05
27.433 736 2426.20
27.436 737 2429.10
27.445 738 2433.12
27.476 739 2436.50
27.498 740 2440.52
27.541 741 2443.11
27.542 742 2445.20
27.542 743 2447.57
27.544 744 2450.03
27.555 745 2452.61
27.561 746 2454.97
27.568 747 2456.32
27.570 748 2457.46
27.573 749 2459.02
27.578 750 2463.96
27.581 751 2465.56
27.585 752 2467.47
27.596 753 2469.62
27.607 754 2474.73
27.611 755 2480.26
27.614 756 2483.58
27.625 757 2487.36
27.643 758 2492.11
27.648 759 2493.44
27.648 760 2498.26
27.650 761 2499.68
27.651 762 2501.24
27.653 763 2502.96
27.674 764 2505.62
27.675 765 2507.86
27.688 766 2510.85
27.694 767 2513.77
27.706 768 2514.90
27.709 769 2516.39
27.728 770 2517.75
27.733 771 2520.55
27.736 772 2522.48
27.742 773 2525.65
27.742 774 2528.42
27.745 775 2531.05
27.747 776 2536.05
27.763 777 2545.27
27.769 778 2546.91
27.769 779 2551.41
27.772 780 2556.90
27.773 781 2558.66
27.776 782 2562.68
27.786 783 2568.11
27.788 784 2574.39
27.801 785 2575.72
27.801 786 2576.98
27.807 787 2583.64
27.816 788 2586.72
27.840 789 2596.43
27.843 790 2600.91
27.844 791 2605.87
27.866 792 2608.52
27.869 793 2610.63
27.876 794 2612.99
27.878 795 2615.82
27.888 796 2618.97
27.901 797 2620.18
27.916 798 2621.86
27.921 799 2625.45
27.930 800 2630.54
27.935 801 2632.39
27.940 802 2635.22
27.942 803 2637.17
27.950 804 2639.83
27.986 805 2643.79
27.990 806 2647.35
28.088 807 2649.87
28.090 808 2652.35
28.095 809 2655.58
28.098 810 2658.87
28.105 811 2661.91
28.108 812 2666.20
28.142 813 2671.50
28.151 814 2673.58
28.168 815 2677.23
28.170 816 2680.73
28.171 817 2684.06
28.175 818 2687.33
28.212 819 2692.03
28.214 820 2696.80
28.224 821 2701.22
28.229 822 2704.76
28.233 823 2706.83
28.236 824 2709.09
28.237 825 2711.33
28.246 826 2713.71
28.267 827 2720.01
28.285 828 2727.32
28.297 829 2728.64
28.297 830 2729.85
28.298 831 2731.45
28.299 832 2738.85
28.299 833 2740.48
28.301 834 2741.90
28.311 835 2744.41
28.319 836 2746.88
28.347 837 2749.95
28.365 838 2751.28
28.390 839 2752.42
28.393 840 2755.31
28.394 841 2756.57
28.401 842 2758.40
28.403 843 2761.33
28.404 844 2763.29
28.420 845 2766.02
28.429 846 2768.93
28.435 847 2772.65
28.437 848 2774.42
28.446 849 2776.84
28.448 850 2779.60
28.468 851 2781.21
28.471 852 2782.95
28.473 853 2785.06
28.483 854 2786.91
28.486 855 2791.28
28.494 856 2793.45
28.535 857 2796.02
28.542 858 2798.47
28.543 859 2800.33
28.546 860 2802.92
28.547 861 2805.29
28.547 862 2808.05
28.551 863 2810.63
28.561 864 2813.64
28.562 865 2815.06
28.575 866 2817.09
28.592 867 2818.48
28.596 868 2820.21
28.601 869 2821.77
28.614 870 2824.41
28.618 871 2826.82
28.622 872 2829.43
28.627 873 2832.70
28.637 874 2835.50
28.638 875 2837.41
28.638 876 2839.47
28.663 877 2843.28
28.668 878 2845.04
28.675 879 2848.18
28.677 880 2851.72
28.701 881 2855.13
28.702 882 2858.52
28.729 883 2860.20
28.733 884 2861.60
28.735 885 2863.18
28.737 886 2864.68
28.743 887 2867.37
28.748 888 2869.19
28.752 889 2872.12
28.783 890 2874.47
28.787 891 2879.71
28.788 892 2884.64
28.795 893 2887.86
28.796 894 2889.02
28.800 895 2890.84
28.803 896 2894.40
28.807 897 2896.24
28.815 898 2898.82
28.830 899 2901.45
28.832 900 2904.66
28.841 901 2908.59
28.874 902 2910.93
28.878 903 2912.79
28.883 904 2915.69
28.892 905 2917.69
28.909 906 2921.03
28.926 907 2924.76
28.928 908 2929.14
28.941 909 2933.39
29.035 910 2940.46
29.052 911 2942.37
29.052 912 2945.79
29.052 913 2947.76
29.053 914 2951.06
29.087 915 2956.18
29.094 916 2968.41
29.101 917 2969.61
29.103 918 2970.85
29.103 919 2979.57
29.111 920 2980.88
29.114 921 2990.94
29.119 922 2994.72
29.125 923 2996.41
29.125 924 3004.31
29.137 925 3016.90
29.171 926 3019.64
29.183 927 3023.32
29.235 928 3029.70
29.254 929 3032.22
29.273 930 3037.45
29.278 931 3053.12
29.301 932 3058.18
29.313 933 3063.12
29.322 934 3072.53
29.325 935 3078.16
29.356 936 3085.56
29.377 937 3093.81
29.431 938 3096.87
29.436 939 3099.21
29.444 940 3102.70
29.472 941 3106.58
29.589 942 3109.38
29.595 943 3112.57
29.595 944 3116.24
29.603 945 3120.49
29.626 946 3126.51
29.633 947 3134.45
29.648 948 3141.29
29.992 949 3143.39
29.995 950 3145.55
29.996 951 3147.59
29.997 952 3149.89
29.998 953 3151.78
30.007 954 3154.51
30.025 955 3157.01
30.026 956 3160.76
30.043 957 3164.92
30.065 958 3169.80
30.149 959 3172.61
30.188 960 3177.42
30.270 961 3181.89
30.297 962 3185.24
30.298 963 3191.25
30.300 964 3194.51
30.304 965 3197.56
30.329 966 3201.63
30.352 967 3203.29
30.362 968 3205.84
30.375 969 3208.48
30.472 970 3211.63
30.483 971 3215.91
30.521 972 3217.92
30.525 973 3220.22
30.540 974 3227.33
30.548 975 3230.89
30.584 976 3232.74
30.585 977 3234.53
30.586 978 3236.79
30.587 979 3238.89
30.587 980 3241.00
30.598 981 3244.22
30.608 982 3247.59
30.609 983 3248.85
30.611 984 3251.97
30.612 985 3253.26
30.618 986 3256.05
30.621 987 3258.82
30.621 988 3262.07
30.622 989 3265.38
30.625 990 3269.55
30.626 991 3273.09
30.628 992 3275.80
30.634 993 3280.14
30.658 994 3281.47
30.659 995 3282.61
30.660 996 3283.76
30.661 997 3284.92
30.672 998 3287.61
30.684 999 3290.33
30.694 1000 3291.78
30.696 1001 3293.28
30.712 1002 3296.00
30.715 1003 3297.78
30.716 1004 3299.80
30.718 1005 3301.78
30.735 1006 3303.82
30.736 1007 3307.58
30.737 1008 3309.89
30.738 1009 3312.32
30.742 1010 3320.12
30.752 1011 3322.91
30.761 1012 3326.41
30.800 1013 3328.30
30.810 1014 3329.35
30.810 1015 3337.59
30.812 1016 3338.71
30.813 1017 3339.90
30.819 1018 3341.23
30.820 1019 3342.56
30.832 1020 3354.15
30.834 1021 3357.57
30.914 1022 3358.98
30.915 1023 3360.56
30.917 1024 3363.98
30.923 1025 3367.26
30.925 1026 3373.35
30.929 1027 3377.84
30.935 1028 3382.94
30.945 1029 3385.83
30.952 1030 3388.63
30.961 1031 3392.76
30.964 1032 3398.24
30.967 1033 3402.11
30.971 1034 3405.86
30.972 1035 3410.08
31.059 1036 3418.15
